427496337357
353212608760
163961160212
543482547493
903687494210
980294331073
908259653826
247988752269
622059926840
86334386166
989544251898
619923362399
463262675613
282649895461
437769654844
209333288373
991902173966
959604650676
164064567526
54773289535
47845948765
630052823981
242643421784
973068360533
484814443844
408043696853
389862275394
795951189982
84003864494
646608459837
471056742066
376277520710
482396479879
13896299567
418219459441
189504609452
657472284583
119425113046
84880201960
370836240801
197503668319
988212671581
828676207417
559808274550
896293827852
430966846380
889398310366
431924644093
812998118372
385110437632
741307233070
710178183278
274295294706
649501734873
136251768960
503309666981
400083529971
217005648073
542102043789
430874581435
508651779750
220829518353
247862882912
495607588753
386560851237
88139647409
492007788038
320701679635
477432367295
242154140077
279085229718
388140778710
939753095407
211913443973
134165273914
709505070819
491835469956
4675198563
357649939495
642920898495
807612583559
192865435523
239615047154
657660676045
700396165585
400396194983
462644667856
685416470646
833541574378
930828558254
874927387166
931482370454
510528150379
981809620768
185045745496
17973450824
907637594609
749603696698
509737789342
527419256910
